(+94)(011)2687948
(+94)(011)2439842
(+94)(011)2445626
(+94)(011)2441681
(+94)(011)2683268
(011)2508751
(+94)(011)2323800
(+94)(011)2503434
(+94)(011)2586728
(011)2541269
(+94)(011)2584202
+94779410050
(+94)(011)2324440
9431223328994315310113
919904290006
(+94)(011)2431833
0716159412
94112635481
(+94)(011)2344501
0770130323
(+94)(011)2576375
941126454929411264910094112646033
(011)2594188
(+94)(011)2588005
94662244228
(+94)(011)2541033
(+94)(011)2581831
(+94)(011)2582492
(+94)(011)2437990
(+94)(011)2328346
(+94)(011)2387965
945518981
(+94)(011)2327635
94112503987944513826
(+94)(011)2329970
(+94)(011)2422491
(+94)(011)2445240
(+94)(011)2422661
94112581418
(+94)(011)2814313
02225412675
04024575285
02228388243
02224021974
23273297
02226464017
951204315427
02222620092
442461023
02228619302
951292244428
04222332126
02227691581
02224465709
02228478782
02228019172
02227412764
23418487
02265194982
25587576
02225783206
02225443375
222789351
01123841429
01126434169
00112355721
02225418991
01242327353
02226302871
26965438
04428252451
01123915124
04023151903
02223516896
02652786661
02222021823
25305676
02226008681
02228770586
04024759562
(03)62904469
(07)45535409
(03)62168188
(07)45732541
(02)42276542
(08)90219171
(08)90835928
(08)90252196
(03)93712199
(02)67784145
(08)90245042
(08)87113736
(07)49439125
(02)40405242
(02)40857248
(08)83038698
(03)53318789
(02)40101708
(07)45982102
(08)83538368
(08)89219541
(02)67250074
(02)49912452
(08)93063322
(07)45687560
(07)40028534
(02)67679507
(07)45625498
(03)53692779
(03)53634584
(03)53048657
(08)87718265
(07)45404432
(03)53118574
(08)87375200
(03)53670004
(08)82355719
(02)61771976
(07)40833349
(08)901773999056276173
9059994432
7809620021
4506704480
8678728799
9055932120
8078686252
6047855218
7057679635
2892423333
2504742454
4036419945
4164632830
9024409976
2507983182
9057378338
7057556594
4163068595
9022305801
4169626802
0112059292
07939744906
07768649114
07909702443
07811300927
07957009032
07062420209
07066851894
07984344582
07782700357
07714044713
07754890273
07978670804
07869252153
07006515288
07053749484
07734019402
07031006671
07830033082
07958565958
07943720205
3307027341
5184358004
4356803081
7757760537
6828419881
5705846228
6015559279
5403968764
4407088021
2153963613
4345109358
6367939143
9013715001
6466702033
7409733982
6033653606
8305828608
3179681461
9739412296
4127349908
2027219121
7038397604
8285492800
5863542555
2567367992
9205331524
3175052649
6179103944
2052600129
7196491620
3203218599
2489249407
4408717943
3252146709
9163820581
2035796779
8478102698
3086948677
5206164482
4803237227